5.054537782669067383e+02
2.079901885986328125e+02
2.007507293224334717e+02
2.003287453651428223e+02
2.000943968296051025e+02
1.992691397666931152e+02
1.996695866584777832e+02
1.997876005172729492e+02
1.993963823318481445e+02
1.991977853775024414e+02
2.007427029609680176e+02
2.007128868103027344e+02
1.994144129753112793e+02
2.002634241580963135e+02
1.998739490509033203e+02
1.992053205966949463e+02
2.003074226379394531e+02
2.000875329971313477e+02
1.992462480068206787e+02
2.000941572189331055e+02
1.994542288780212402e+02
1.993744721412658691e+02
1.990614891052246094e+02
2.002664961814880371e+02
1.990844829082489014e+02
1.987595300674438477e+02
1.990765237808227539e+02
1.998311686515808105e+02
1.999977836608886719e+02
1.992381930351257324e+02
1.991680912971496582e+02
1.992556214332580566e+02
1.992661142349243164e+02
1.994242479801177979e+02
1.988142967224121094e+02
1.991011343002319336e+02
2.009267702102661133e+02
1.987674875259399414e+02
1.995199487209320068e+02
1.993178076744079590e+02
1.989691708087921143e+02
1.991539282798767090e+02
1.993649082183837891e+02
1.991727600097656250e+02
1.992287430763244629e+02
1.990103657245635986e+02
1.995851445198059082e+02
1.987959098815917969e+02
1.991848273277282715e+02
1.990630445480346680e+02
1.987822628021240234e+02
1.991983261108398438e+02
1.995207569599151611e+02
1.990027322769165039e+02
1.988906455039978027e+02
1.991368198394775391e+02
1.989865863323211670e+02
1.991692872047424316e+02
2.001161358356475830e+02
1.990569357872009277e+02
1.988546948432922363e+02
1.987633183002471924e+02
1.989296145439147949e+02
1.994353103637695312e+02
1.990040016174316406e+02
1.994665827751159668e+02
1.988518261909484863e+02
1.989309329986572266e+02
1.990550687313079834e+02
1.990122814178466797e+02
1.995621738433837891e+02
1.992681801319122314e+02
1.988484699726104736e+02
1.990127434730529785e+02
1.991760895252227783e+02
1.988319129943847656e+02
1.994503324031829834e+02
1.990116820335388184e+02
1.983310666084289551e+02
1.990266351699829102e+02
1.988675475120544434e+02
1.993055782318115234e+02
1.988676829338073730e+02
1.989191753864288330e+02
1.990026946067810059e+02
1.995596439838409424e+02
1.988296871185302734e+02
1.987480115890502930e+02
1.988267798423767090e+02
1.989877929687500000e+02
1.987750244140625000e+02
1.990918650627136230e+02
1.989863758087158203e+02
1.988694872856140137e+02
1.986606860160827637e+02
1.988351330757141113e+02
1.999487690925598145e+02
1.989493737220764160e+02
1.988402605056762695e+02
1.987619838714599609e+02
