4.724355430603027344e+02
2.356907877922058105e+02
2.325407881736755371e+02
2.308839521408081055e+02
2.307496371269226074e+02
2.304729170799255371e+02
2.308456006050109863e+02
2.299126229286193848e+02
2.300738072395324707e+02
2.295593357086181641e+02
2.298441262245178223e+02
2.291810059547424316e+02
2.296968111991882324e+02
2.300746994018554688e+02
2.302847485542297363e+02
2.300075535774230957e+02
2.295647354125976562e+02
2.299199743270874023e+02
2.297522602081298828e+02
2.296175217628479004e+02
2.301612625122070312e+02
2.308547501564025879e+02
2.286389856338500977e+02
2.312049775123596191e+02
2.295444827079772949e+02
2.298433179855346680e+02
2.297861828804016113e+02
2.289217810630798340e+02
2.300718410015106201e+02
2.294728443622589111e+02
2.301601867675781250e+02
2.305235595703125000e+02
2.292369680404663086e+02
2.302260475158691406e+02
2.300038971900939941e+02
2.299873919486999512e+02
2.310049681663513184e+02
2.289090700149536133e+02
2.302514243125915527e+02
2.289062166213989258e+02
2.288970670700073242e+02
2.296113545894622803e+02
2.296157412528991699e+02
2.295735788345336914e+02
2.291958355903625488e+02
2.285731546878814697e+02
2.295739762783050537e+02
2.298403239250183105e+02
2.290295968055725098e+02
2.295831608772277832e+02
2.294393663406372070e+02
2.297218236923217773e+02
2.289686861038208008e+02
2.291535830497741699e+02
2.291670975685119629e+02
2.291527953147888184e+02
2.289094848632812500e+02
2.284620356559753418e+02
2.283780226707458496e+02
2.291940321922302246e+02
2.287649364471435547e+02
2.302536349296569824e+02
2.289912595748901367e+02
2.287538428306579590e+02
2.286151371002197266e+02
2.292040834426879883e+02
2.281312189102172852e+02
2.293954253196716309e+02
2.286943554878234863e+02
2.285596079826354980e+02
2.281426706314086914e+02
2.284697766304016113e+02
2.284596500396728516e+02
2.285067696571350098e+02
2.286404294967651367e+02
2.289635276794433594e+02
2.288448896408081055e+02
2.284366650581359863e+02
2.288613276481628418e+02
2.287610931396484375e+02
2.280606958866119385e+02
2.283177361488342285e+02
2.287164030075073242e+02
2.283593273162841797e+02
2.281740283966064453e+02
2.290551018714904785e+02
2.281089663505554199e+02
2.286221899986267090e+02
2.280350317955017090e+02
2.286678690910339355e+02
2.283804430961608887e+02
2.282322301864624023e+02
2.279975824356079102e+02
2.282415027618408203e+02
2.287749562263488770e+02
2.284903964996337891e+02
2.279756565093994141e+02
2.278957352638244629e+02
2.284586853981018066e+02
2.283974947929382324e+02
