4.921321134567260742e+02
1.795821413993835449e+02
1.804818720817565918e+02
1.750280637741088867e+02
1.772595555782318115e+02
1.766215636730194092e+02
1.748813662528991699e+02
1.762435605525970459e+02
1.778403215408325195e+02
1.753735978603363037e+02
1.758079552650451660e+02
1.776594462394714355e+02
1.742987396717071533e+02
1.755785341262817383e+02
1.796188404560089111e+02
1.789182879924774170e+02
1.739405789375305176e+02
1.752713916301727295e+02
1.721139144897460938e+02
1.741183757781982422e+02
1.742841491699218750e+02
1.752632946968078613e+02
1.741160094738006592e+02
1.772229592800140381e+02
1.756736478805541992e+02
1.760063228607177734e+02
1.746360218524932861e+02
1.767571959495544434e+02
1.763955883979797363e+02
1.763470864295959473e+02
1.743622651100158691e+02
1.754037306308746338e+02
1.752978627681732178e+02
1.784708549976348877e+02
1.769897150993347168e+02
1.741397287845611572e+02
1.797531266212463379e+02
1.759801855087280273e+02
1.745737133026123047e+02
1.741635749340057373e+02
1.746618378162384033e+02
1.748546414375305176e+02
1.786109864711761475e+02
1.776496369838714600e+02
1.724606781005859375e+02
1.762406592369079590e+02
1.732755393981933594e+02
1.743237292766571045e+02
1.745497426986694336e+02
1.710462253093719482e+02
1.708488991260528564e+02
1.766696131229400635e+02
1.754584796428680420e+02
1.752722642421722412e+02
1.756464388370513916e+02
1.751680326461791992e+02
1.747501869201660156e+02
1.724426610469818115e+02
1.744991278648376465e+02
1.742561130523681641e+02
1.726553339958190918e+02
1.724849433898925781e+02
1.730596609115600586e+02
1.735429775714874268e+02
1.741393737792968750e+02
1.717542872428894043e+02
1.737636086940765381e+02
1.719644088745117188e+02
1.746270496845245361e+02
1.751585474014282227e+02
1.740146629810333252e+02
1.743328619003295898e+02
1.734969878196716309e+02
1.756032185554504395e+02
1.747047858238220215e+02
1.736877713203430176e+02
1.749968776702880859e+02
1.747279324531555176e+02
1.721562445163726807e+02
1.726206154823303223e+02
1.719009683132171631e+02
1.703061549663543701e+02
1.724372313022613525e+02
1.734161345958709717e+02
1.710210080146789551e+02
1.731583957672119141e+02
1.739607729911804199e+02
1.710886826515197754e+02
1.763840334415435791e+02
1.753462259769439697e+02
1.723509721755981445e+02
1.730780894756317139e+02
1.727701554298400879e+02
1.728416671752929688e+02
1.729860458374023438e+02
1.703065729141235352e+02
1.740016579627990723e+02
1.760734288692474365e+02
1.727148783206939697e+02
1.757311575412750244e+02
