3.183182765245437622e+02
8.634957766532897949e+01
8.220430362224578857e+01
8.180945754051208496e+01
8.180269277095794678e+01
8.175921714305877686e+01
8.144958591461181641e+01
8.174393534660339355e+01
8.128022611141204834e+01
8.141445100307464600e+01
8.122989499568939209e+01
8.136480259895324707e+01
8.148314130306243896e+01
8.147586607933044434e+01
8.177437460422515869e+01
8.276107108592987061e+01
8.168419063091278076e+01
8.154225420951843262e+01
8.131831574440002441e+01
8.119973909854888916e+01
8.175929331779479980e+01
8.123031580448150635e+01
8.132297670841217041e+01
8.148797833919525146e+01
8.131563353538513184e+01
8.150068998336791992e+01
8.157765877246856689e+01
8.143507945537567139e+01
8.139300441741943359e+01
8.159003984928131104e+01
8.119261097908020020e+01
8.122593569755554199e+01
8.109450626373291016e+01
8.119325721263885498e+01
8.146856009960174561e+01
8.152827787399291992e+01
8.134752249717712402e+01
8.141325759887695312e+01
8.124950230121612549e+01
8.112388968467712402e+01
8.118496823310852051e+01
8.164096140861511230e+01
8.130716896057128906e+01
8.133741867542266846e+01
8.157265222072601318e+01
8.123405539989471436e+01
8.166989755630493164e+01
8.123079407215118408e+01
8.122470092773437500e+01
8.137330710887908936e+01
8.152650856971740723e+01
8.112817955017089844e+01
8.169245636463165283e+01
8.143208503723144531e+01
8.133259344100952148e+01
8.116626131534576416e+01
8.130160546302795410e+01
8.138739001750946045e+01
8.141814887523651123e+01
8.150883710384368896e+01
8.112461006641387939e+01
8.165907788276672363e+01
8.224729299545288086e+01
8.130129957199096680e+01
8.128121900558471680e+01
8.119534146785736084e+01
8.117821407318115234e+01
8.115643215179443359e+01
8.115624260902404785e+01
8.144282555580139160e+01
8.142248690128326416e+01
8.124947106838226318e+01
8.121476781368255615e+01
8.106558930873870850e+01
8.134053623676300049e+01
8.143796861171722412e+01
8.113735294342041016e+01
8.133465301990509033e+01
8.127103841304779053e+01
8.156102538108825684e+01
8.150251495838165283e+01
8.128431594371795654e+01
8.111270463466644287e+01
8.138626384735107422e+01
8.117212128639221191e+01
8.138651239871978760e+01
8.110957789421081543e+01
8.116657686233520508e+01
8.115544080734252930e+01
8.106981742382049561e+01
8.121615123748779297e+01
8.127214860916137695e+01
8.119433403015136719e+01
8.132483637332916260e+01
8.116130077838897705e+01
8.120109748840332031e+01
8.113915550708770752e+01
8.134354579448699951e+01
8.127517187595367432e+01
8.122267711162567139e+01
