3.805777864456176758e+02
1.422677211761474609e+02
1.399624390602111816e+02
1.399689989089965820e+02
1.399137744903564453e+02
1.390186188220977783e+02
1.385820000171661377e+02
1.385178263187408447e+02
1.388133306503295898e+02
1.387145552635192871e+02
1.388924033641815186e+02
1.381461997032165527e+02
1.388811213970184326e+02
1.390989382266998291e+02
1.384374048709869385e+02
1.386718759536743164e+02
1.389581696987152100e+02
1.383283891677856445e+02
1.380533387660980225e+02
1.390894110202789307e+02
1.395665602684020996e+02
1.386967623233795166e+02
1.388456330299377441e+02
1.388845424652099609e+02
1.386276278495788574e+02
1.386839659214019775e+02
1.387767243385314941e+02
1.386551911830902100e+02
1.384786615371704102e+02
1.384500935077667236e+02
1.380922932624816895e+02
1.379149463176727295e+02
1.387507805824279785e+02
1.392594938278198242e+02
1.381623194217681885e+02
1.380566153526306152e+02
1.383658058643341064e+02
1.382330315113067627e+02
1.384677674770355225e+02
1.380425689220428467e+02
1.384936547279357910e+02
1.389945507049560547e+02
1.384793136119842529e+02
1.383766665458679199e+02
1.380264885425567627e+02
1.385383949279785156e+02
1.382829949855804443e+02
1.384918777942657471e+02
1.379456493854522705e+02
1.384000298976898193e+02
1.381404931545257568e+02
1.382674038410186768e+02
1.384575817584991455e+02
1.383025512695312500e+02
1.386972107887268066e+02
1.384882543087005615e+02
1.386692523956298828e+02
1.382840662002563477e+02
1.384101309776306152e+02
1.382615559101104736e+02
1.382490575313568115e+02
1.385756018161773682e+02
1.381578977108001709e+02
1.387004280090332031e+02
1.380635478496551514e+02
1.382567303180694580e+02
1.381293504238128662e+02
1.383219664096832275e+02
1.386623845100402832e+02
1.382606320381164551e+02
1.381909978389739990e+02
1.382646222114562988e+02
1.386743314266204834e+02
1.381522321701049805e+02
1.381717612743377686e+02
1.383140442371368408e+02
1.378497912883758545e+02
1.390780954360961914e+02
1.382584700584411621e+02
1.376533772945404053e+02
1.383982095718383789e+02
1.382415754795074463e+02
1.382934322357177734e+02
1.381588146686553955e+02
1.384198961257934570e+02
1.379706506729125977e+02
1.381155242919921875e+02
1.381924514770507812e+02
1.382131195068359375e+02
1.381240890026092529e+02
1.383310244083404541e+02
1.378874847888946533e+02
1.383706233501434326e+02
1.383963534832000732e+02
1.383789806365966797e+02
1.384982519149780273e+02
1.385123672485351562e+02
1.384030780792236328e+02
1.384191186428070068e+02
1.380471665859222412e+02
