3.870740718841552734e+02
6.918395543098449707e+01
6.194735562801361084e+01
6.094597780704498291e+01
6.112248063087463379e+01
6.054138469696044922e+01
6.034809672832489014e+01
6.057641756534576416e+01
5.976643764972686768e+01
6.100361156463623047e+01
6.106191766262054443e+01
6.145449125766754150e+01
6.015370130538940430e+01
6.123389661312103271e+01
6.064650249481201172e+01
6.030127608776092529e+01
6.032229840755462646e+01
6.051430916786193848e+01
5.986435663700103760e+01
5.986359655857086182e+01
6.028161108493804932e+01
6.140304529666900635e+01
5.961804312467575073e+01
5.996759414672851562e+01
6.118989884853363037e+01
5.932643055915832520e+01
6.124083006381988525e+01
6.075933122634887695e+01
6.086321771144866943e+01
6.101386940479278564e+01
6.145310056209564209e+01
6.031240397691726685e+01
6.009765672683715820e+01
6.017323714494705200e+01
6.098778378963470459e+01
6.032895147800445557e+01
6.012717068195343018e+01
5.940775483846664429e+01
6.087878406047821045e+01
6.039875960350036621e+01
5.981737148761749268e+01
6.003532040119171143e+01
5.979045486450195312e+01
6.022858536243438721e+01
6.097460937500000000e+01
6.066611778736114502e+01
5.954704344272613525e+01
6.075002539157867432e+01
6.051612639427185059e+01
5.987330991029739380e+01
6.024000906944274902e+01
6.012758576869964600e+01
5.901262229681015015e+01
5.956852483749389648e+01
6.045396804809570312e+01
6.127503025531768799e+01
5.964776885509490967e+01
6.042313170433044434e+01
5.993785524368286133e+01
6.032446777820587158e+01
6.036332464218139648e+01
6.005966091156005859e+01
5.989191514253616333e+01
5.952348875999450684e+01
6.071104073524475098e+01
5.992648565769195557e+01
5.970651304721832275e+01
6.033574771881103516e+01
6.124247241020202637e+01
6.041248083114624023e+01
6.057943987846374512e+01
6.034177362918853760e+01
6.014551383256912231e+01
6.004423332214355469e+01
5.988252413272857666e+01
6.037998950481414795e+01
6.080421197414398193e+01
5.993554627895355225e+01
6.049678373336791992e+01
6.156701779365539551e+01
6.080166542530059814e+01
5.960306209325790405e+01
6.051302909851074219e+01
6.021422457695007324e+01
5.973915910720825195e+01
6.016768908500671387e+01
5.928698432445526123e+01
5.990779411792755127e+01
5.951356041431427002e+01
5.979389536380767822e+01
5.971841752529144287e+01
5.999782884120941162e+01
5.950974702835083008e+01
5.962638676166534424e+01
5.989714205265045166e+01
6.008968520164489746e+01
5.956981456279754639e+01
5.975606811046600342e+01
6.081555545330047607e+01
6.022705340385437012e+01
