3.567203626632690430e+02
1.259109275341033936e+02
1.201763775348663330e+02
1.190285758972167969e+02
1.198411550521850586e+02
1.188912386894226074e+02
1.181182091236114502e+02
1.185430364608764648e+02
1.182021958827972412e+02
1.187687423229217529e+02
1.186112470626831055e+02
1.184526205062866211e+02
1.183431417942047119e+02
1.180199947357177734e+02
1.186449134349822998e+02
1.185299694538116455e+02
1.184088294506072998e+02
1.188711435794830322e+02
1.180582733154296875e+02
1.183125367164611816e+02
1.180213141441345215e+02
1.180569393634796143e+02
1.183233243227005005e+02
1.183562667369842529e+02
1.181071722507476807e+02
1.179673335552215576e+02
1.179435482025146484e+02
1.182696306705474854e+02
1.182119128704071045e+02
1.184196939468383789e+02
1.179986126422882080e+02
1.179067232608795166e+02
1.179926910400390625e+02
1.179207174777984619e+02
1.178905708789825439e+02
1.178495337963104248e+02
1.178067941665649414e+02
1.178881206512451172e+02
1.181221156120300293e+02
1.179642485380172729e+02
1.180425825119018555e+02
1.189795739650726318e+02
1.178466792106628418e+02
1.185094268321990967e+02
1.180004160404205322e+02
1.178596519231796265e+02
1.183546886444091797e+02
1.184152475595474243e+02
1.179640979766845703e+02
1.178749163150787354e+02
1.177385962009429932e+02
1.178870868682861328e+02
1.182329888343811035e+02
1.179513070583343506e+02
1.181388452053070068e+02
1.181104136705398560e+02
1.177640252113342285e+02
1.179342882633209229e+02
1.177234816551208496e+02
1.179951453208923340e+02
1.178783113956451416e+02
1.183660076856613159e+02
1.183028709888458252e+02
1.180006463527679443e+02
1.177503085136413574e+02
1.179445600509643555e+02
1.180686514377593994e+02
1.177960958480834961e+02
1.183906364440917969e+02
1.181164867877960205e+02
1.181154594421386719e+02
1.183315316438674927e+02
1.177668604850769043e+02
1.177346391677856445e+02
1.182441697120666504e+02
1.182244398593902588e+02
1.189108054637908936e+02
1.177788939476013184e+02
1.177450579404830933e+02
1.188404719829559326e+02
1.176725163459777832e+02
1.178602669239044189e+02
1.183592480421066284e+02
1.176109235286712646e+02
1.178269634246826172e+02
1.186848850250244141e+02
1.179036831855773926e+02
1.177398741245269775e+02
1.185877349376678467e+02
1.177044731378555298e+02
1.179128421545028687e+02
1.177397139072418213e+02
1.177831842899322510e+02
1.179461410045623779e+02
1.177742785215377808e+02
1.177758851051330566e+02
1.181185512542724609e+02
1.182105140686035156e+02
1.183726654052734375e+02
1.175960423946380615e+02
