5.121658139228820801e+02
1.118022799491882324e+02
1.047026070356369019e+02
1.038908673524856567e+02
1.051563500165939331e+02
1.048226583003997803e+02
1.040499212741851807e+02
1.032838383913040161e+02
1.045625066757202148e+02
1.046783435344696045e+02
1.058921144008636475e+02
1.034502313137054443e+02
1.052486174106597900e+02
1.039763975143432617e+02
1.029606558084487915e+02
1.040764212608337402e+02
1.044875247478485107e+02
1.032411924600601196e+02
1.029517943859100342e+02
1.043575969934463501e+02
1.041636466979980469e+02
1.057633290290832520e+02
1.043524467945098877e+02
1.029252011775970459e+02
1.029774757623672485e+02
1.044938941001892090e+02
1.029075441360473633e+02
1.053601112365722656e+02
1.032549123764038086e+02
1.053827762603759766e+02
1.043379454612731934e+02
1.032937107086181641e+02
1.040250011682510376e+02
1.055983517169952393e+02
1.061588201522827148e+02
1.026141482591629028e+02
1.039007728099822998e+02
1.027509247064590454e+02
1.039284501075744629e+02
1.049549229145050049e+02
1.053249826431274414e+02
1.029275872707366943e+02
1.026122007369995117e+02
1.042147619724273682e+02
1.031130738258361816e+02
1.033946163654327393e+02
1.027080395221710205e+02
1.037777135372161865e+02
1.038027937412261963e+02
1.025539199113845825e+02
1.030174297094345093e+02
1.054864994287490845e+02
1.047453284263610840e+02
1.037105416059494019e+02
1.030810165405273438e+02
1.024167480468750000e+02
1.031503665447235107e+02
1.029412077665328979e+02
1.047286775112152100e+02
1.047333645820617676e+02
1.062202129364013672e+02
1.050764772891998291e+02
1.028375475406646729e+02
1.032320735454559326e+02
1.039012033939361572e+02
1.035736523866653442e+02
1.036503446102142334e+02
1.031554901599884033e+02
1.041693003177642822e+02
1.033583431243896484e+02
1.044355356693267822e+02
1.029811127185821533e+02
1.029528400897979736e+02
1.031725571155548096e+02
1.041771395206451416e+02
1.047680146694183350e+02
1.032081919908523560e+02
1.037401888370513916e+02
1.032920327186584473e+02
1.041413371562957764e+02
1.046976473331451416e+02
1.030338132381439209e+02
1.038574624061584473e+02
1.039979884624481201e+02
1.041996792554855347e+02
1.024763723611831665e+02
1.023882257938385010e+02
1.039480986595153809e+02
1.036476137638092041e+02
1.044764027595520020e+02
1.030218870639801025e+02
1.051771082878112793e+02
1.042777731418609619e+02
1.043414062261581421e+02
1.032827908992767334e+02
1.027009075880050659e+02
1.038918621540069580e+02
1.034391932487487793e+02
1.063064031600952148e+02
1.034950177669525146e+02
