4.093706791400909424e+02
7.797296154499053955e+01
7.085913741588592529e+01
6.993713092803955078e+01
6.991533684730529785e+01
6.970743119716644287e+01
6.956421422958374023e+01
6.959839713573455811e+01
6.937699151039123535e+01
6.962923181056976318e+01
6.954207742214202881e+01
6.981800913810729980e+01
6.935587155818939209e+01
6.933235049247741699e+01
6.958291900157928467e+01
6.948897361755371094e+01
6.945517563819885254e+01
6.929129552841186523e+01
6.923358821868896484e+01
6.920948290824890137e+01
6.947279655933380127e+01
6.953110396862030029e+01
6.938229393959045410e+01
7.001709675788879395e+01
6.935546648502349854e+01
6.950694084167480469e+01
6.990527629852294922e+01
6.950566589832305908e+01
6.929390311241149902e+01
6.941717469692230225e+01
6.944317317008972168e+01
6.941447150707244873e+01
6.936645042896270752e+01
6.929366123676300049e+01
6.936914086341857910e+01
6.947270011901855469e+01
6.929392182826995850e+01
6.923461127281188965e+01
6.934445941448211670e+01
6.933263802528381348e+01
6.961681795120239258e+01
6.943200767040252686e+01
6.949381077289581299e+01
6.941630434989929199e+01
6.917903947830200195e+01
7.012290179729461670e+01
6.942649602890014648e+01
6.988993811607360840e+01
7.006270110607147217e+01
6.909355294704437256e+01
6.942505228519439697e+01
6.937201869487762451e+01
6.929248881340026855e+01
6.924567818641662598e+01
6.947877323627471924e+01
6.916499352455139160e+01
6.919781649112701416e+01
6.942415869235992432e+01
6.951947379112243652e+01
6.948469781875610352e+01
6.947484052181243896e+01
6.916854560375213623e+01
6.918644106388092041e+01
6.920401072502136230e+01
6.911455452442169189e+01
6.962386262416839600e+01
6.974858176708221436e+01
6.931760823726654053e+01
6.935783290863037109e+01
6.917203605175018311e+01
6.966732132434844971e+01
6.976570165157318115e+01
6.953955090045928955e+01
6.919148206710815430e+01
6.921041572093963623e+01
6.929942095279693604e+01
6.922663319110870361e+01
6.977587318420410156e+01
6.922580945491790771e+01
6.956434035301208496e+01
6.916161811351776123e+01
6.952877843379974365e+01
6.942819166183471680e+01
6.916954064369201660e+01
6.923603773117065430e+01
6.913071894645690918e+01
6.918337643146514893e+01
6.935237002372741699e+01
6.974362134933471680e+01
6.918720066547393799e+01
6.925573837757110596e+01
6.925011467933654785e+01
6.921524882316589355e+01
6.917189323902130127e+01
6.909417283535003662e+01
6.913646626472473145e+01
6.916455686092376709e+01
7.001661646366119385e+01
6.936631691455841064e+01
6.926189422607421875e+01
